5.796556e-02 3.434038e-03 5.880982e-02 6.274720e-01 -1.883385e-01 -2.157540e-01 7.240564e-01
5.245405e-02 -3.153040e-02 4.419938e-02 6.288347e-01 -1.435345e-01 -2.026255e-01 7.368227e-01
-4.922521e-02 -6.828236e-02 4.552823e-02 6.329056e-01 -2.084488e-01 -1.276061e-01 7.346402e-01
-9.338524e-02 2.308892e-02 5.859685e-02 5.931212e-01 -3.906079e-01 -1.897729e-01 6.779520e-01
-1.312186e-01 -4.072035e-02 4.346389e-02 6.149774e-01 -3.472662e-01 -1.341436e-01 6.951362e-01
5.620358e-02 -2.331508e-03 7.178427e-02 5.974023e-01 -1.541871e-01 -2.072348e-01 7.592039e-01
6.072467e-02 -3.454014e-02 6.575263e-02 6.009899e-01 -1.200509e-01 -2.231744e-01 7.580185e-01
4.577513e-02 -7.010153e-02 5.723681e-02 6.135037e-01 -9.322351e-02 -1.922229e-01 7.602453e-01
-2.880931e-05 -8.669728e-02 5.475121e-02 6.257404e-01 -9.919886e-02 -1.519653e-01 7.586271e-01
-1.063176e-01 -6.304315e-02 5.092983e-02 6.309286e-01 -2.374614e-01 -2.029652e-01 7.101734e-01
-1.098367e-01 1.774040e-02 6.051115e-02 6.158220e-01 -3.108768e-01 -2.758723e-01 6.693380e-01
3.292738e-02 -2.923879e-02 4.857654e-02 6.613309e-01 -2.826746e-02 -1.284996e-01 7.384648e-01
4.753130e-02 -1.599676e-02 5.514565e-02 6.664983e-01 2.017726e-02 -1.361883e-01 7.326839e-01
2.054575e-02 -6.713923e-02 4.399320e-02 6.821835e-01 -2.198998e-02 -5.449168e-02 7.288160e-01
-4.054713e-02 -6.362712e-02 5.452657e-02 5.816159e-01 -1.660011e-01 -9.253966e-02 7.909507e-01
